11695419733.0
8023241496.0
8023241496.0
6247682788.0
1754020408.5
1754020408.5
681355651.0
681355651.0
681355651.0
681355651.0
366232804.5
366232804.5
366232804.5
366232804.5
366232804.5
366232804.5
366232804.5
366232804.5
258424303.0
258424303.0
258424303.0
258424303.0
258424303.0
258424303.0
258424303.0
258424303.0
258424303.0
258424303.0
258424303.0
258424303.0
258424303.0
258424303.0
258424303.0
258424303.0
258424303.0
258424303.0
258424303.0
278359806.0
278359806.0
278359806.0
278359806.0
278359806.0
278359806.0
278359806.0
278359806.0
278359806.0
278359806.0
278359806.0
278359806.0
278359806.0
278359806.0
278359806.0
278359806.0
278359806.0
278359806.0
278359806.0
278359806.0
278359806.0
278359806.0
278359806.0
278359806.0
278359806.0
278359806.0
278359806.0
278359806.0
278359806.0
278359806.0
278359806.0
278359806.0
278359806.0
278359806.0
278359806.0
278359806.0
278359806.0
296893125
296893125
296893125
296893125
296893125
296893125
296893125
296893125
296893125
296893125
296893125
296893125
296893125
296893125
296893125
296893125
296893125
296893125
296893125
296893125
296893125
296893125
296893125
296893125
296893125
296893125
296893125
296893125
296893125
296893125
296893125
296893125
296893125
296893125
296893125
296893125
296893125
296893125
296893125
296893125
296893125
296893125
296893125
296893125
296893125
296893125
296893125
296893125
296893125
296893125
296893125
296893125
296893125
296893125
296893125
296893125
296893125
296893125
296893125
296893125
296893125
296893125
296893125
296893125
296893125
296893125
296893125
296893125
296893125
296893125
296893125
296893125
296893125
296893125
296893125
334102500
334102500
334102500
334102500
334102500
334102500
334102500
334102500
334102500
334102500
334102500
334102500
334102500
334102500
334102500
334102500
334102500
334102500
334102500
334102500
334102500
334102500
334102500
334102500
334102500
334102500
334102500
334102500
334102500
334102500
334102500
334102500
334102500
334102500
334102500
334102500
334102500
334102500
334102500
334102500
334102500
334102500
334102500
334102500
334102500
334102500
334102500
334102500
334102500
334102500
334102500
334102500
334102500
334102500
334102500
334102500
334102500
334102500
334102500
334102500
334102500
334102500
334102500
334102500
334102500
334102500
334102500
334102500
334102500
334102500
334102500
334102500
334102500
334102500
334102500
334102500
334102500
334102500
334102500
334102500
334102500
334102500
334102500
334102500
334102500
334102500
334102500
334102500
334102500
334102500
334102500
334102500
334102500
334102500
334102500
334102500
334102500
334102500
334102500
334102500
334102500
334102500
334102500
334102500
334102500
334102500
334102500
334102500
334102500
334102500
334102500
334102500
334102500
334102500
334102500
334102500
334102500
334102500
334102500
334102500
334102500
334102500
334102500
334102500
334102500
334102500
334102500
334102500
334102500
334102500
334102500
334102500
334102500
334102500
334102500
334102500
334102500
334102500
334102500
334102500
334102500
334102500
334102500
334102500
334102500
334102500
334102500
334102500
334102500
334102500
378990000
378990000
378990000
378990000
378990000
378990000
378990000
378990000
378990000
378990000
378990000
378990000
378990000
378990000
378990000
378990000
378990000
378990000
378990000
378990000
378990000
378990000
378990000
378990000
378990000
378990000
378990000
378990000
378990000
378990000
378990000
378990000
378990000
378990000
378990000
378990000
378990000
378990000
378990000
378990000
378990000
378990000
378990000
378990000
378990000
378990000
378990000
378990000
378990000
378990000
378990000
378990000
378990000
378990000
378990000
378990000
378990000
378990000
378990000
378990000
378990000
378990000
378990000
378990000
378990000
378990000
378990000
378990000
378990000
378990000
378990000
378990000
378990000
378990000
378990000
378990000
378990000
378990000
378990000
378990000
378990000
378990000
378990000
378990000
378990000
378990000
378990000
378990000
378990000
378990000
378990000
378990000
378990000
378990000
378990000
378990000
378990000
378990000
378990000
378990000
378990000
378990000
378990000
378990000
378990000
378990000
378990000
378990000
378990000
378990000
378990000
378990000
378990000
378990000
378990000
378990000
378990000
378990000
378990000
378990000
378990000
378990000
378990000
378990000
378990000
378990000
378990000
378990000
378990000
378990000
378990000
378990000
378990000
378990000
378990000
378990000
378990000
378990000
378990000
378990000
378990000
378990000
378990000
378990000
378990000
378990000
378990000
378990000
378990000
378990000
378990000
378990000
378990000
378990000
378990000
378990000
378990000
378990000
378990000
378990000
378990000
378990000
378990000
378990000
378990000
378990000
378990000
378990000
378990000
378990000
378990000
378990000
378990000
378990000
378990000
378990000
378990000
378990000
378990000
378990000
378990000
378990000
378990000
378990000
378990000
378990000
378990000
378990000
378990000
378990000
378990000
378990000
378990000
378990000
378990000
378990000
378990000
378990000
378990000
378990000
378990000
378990000
378990000
378990000
378990000
378990000
378990000
378990000
378990000
378990000
378990000
378990000
378990000
378990000
378990000
378990000
378990000
378990000
378990000
378990000
378990000
378990000
378990000
378990000
378990000
378990000
378990000
378990000
378990000
378990000
378990000
378990000
378990000
378990000
378990000
378990000
378990000
378990000
378990000
378990000
378990000
378990000
378990000
378990000
378990000
378990000
378990000
378990000
378990000
378990000
378990000
378990000
378990000
378990000
378990000
378990000
378990000
378990000
378990000
378990000
378990000
378990000
378990000
378990000
378990000
378990000
378990000
378990000
378990000
378990000
378990000
378990000
378990000
378990000
378990000
378990000
378990000
378990000
378990000
378990000
378990000
378990000
378990000
378990000
378990000
378990000
378990000
378990000
378990000
378990000
378990000
378990000
378990000
378990000
378990000
378990000
378990000
378990000
378990000
378990000
431640000
