5462912.5
3933475.5
3933475.5
3193967.5
3193967.5
3193967.5
3193967.5
2925055.5
2925055.5
2925055.5
2925055.5
2925055.5
1721983.0
1721983.0
1721983.0
1721983.0
1721983.0
1721983.0
1721983.0
1721983.0
1721983.0
1721983.0
1721983.0
1721983.0
1624375
1624375
1624375
1624375
1624375
1624375
1624375
1624375
1624375
1624375
1624375
1624375
1624375
1624375
1624375
1624375
1624375
1624375
1624375
1624375
1624375
1624375
1624375
1624375
1624375
1777500
1777500
1777500
1777500
1777500
1777500
1777500
1777500
1777500
1777500
1777500
1777500
1777500
1777500
1777500
1777500
1777500
1777500
1777500
1777500
1777500
1777500
1777500
1777500
1777500
1777500
1777500
1777500
1777500
1777500
1777500
1777500
1777500
1777500
1777500
1777500
1777500
1777500
1777500
1777500
1777500
1777500
1777500
1777500
1777500
1777500
1777500
1777500
1777500
1777500
1990000
