280902385
205959972
205959972
169724080
169724080
169724080
169724080
156547392
156547392
156547392
156547392
156547392
156547392
156547392
156547392
157623040
157623040
157623040
157623040
157623040
157623040
157623040
157623040
157623040
157623040
157623040
157623040
157623040
157623040
157623040
157623040
168072192
168072192
168072192
168072192
168072192
168072192
168072192
168072192
168072192
168072192
168072192
168072192
168072192
168072192
168072192
168072192
168072192
168072192
168072192
168072192
168072192
168072192
168072192
168072192
168072192
168072192
168072192
168072192
168072192
168072192
168072192
168072192
185282560
185282560
185282560
185282560
185282560
185282560
185282560
185282560
185282560
185282560
185282560
185282560
185282560
185282560
185282560
185282560
185282560
185282560
185282560
185282560
185282560
185282560
185282560
185282560
185282560
185282560
185282560
185282560
185282560
185282560
185282560
185282560
185282560
185282560
185282560
185282560
185282560
185282560
185282560
185282560
185282560
185282560
185282560
185282560
185282560
185282560
185282560
185282560
185282560
185282560
185282560
185282560
185282560
185282560
185282560
185282560
185282560
185282560
185282560
185282560
185282560
185282560
185282560
185282560
207962112
207962112
207962112
207962112
207962112
207962112
207962112
207962112
207962112
207962112
207962112
207962112
207962112
207962112
207962112
207962112
207962112
207962112
207962112
207962112
207962112
207962112
207962112
207962112
207962112
207962112
207962112
207962112
207962112
207962112
207962112
207962112
207962112
207962112
207962112
207962112
207962112
207962112
207962112
207962112
207962112
207962112
207962112
207962112
207962112
207962112
207962112
207962112
207962112
207962112
207962112
207962112
207962112
207962112
207962112
207962112
207962112
207962112
207962112
207962112
207962112
207962112
207962112
207962112
207962112
207962112
207962112
207962112
207962112
207962112
207962112
207962112
207962112
207962112
207962112
207962112
207962112
207962112
207962112
207962112
207962112
207962112
207962112
207962112
207962112
207962112
207962112
207962112
207962112
207962112
207962112
207962112
207962112
207962112
207962112
207962112
207962112
207962112
207962112
207962112
207962112
207962112
207962112
207962112
207962112
207962112
207962112
207962112
207962112
207962112
207962112
207962112
207962112
207962112
207962112
207962112
207962112
207962112
207962112
207962112
207962112
207962112
207962112
207962112
207962112
207962112
207962112
207962112
235601920
235601920
235601920
235601920
235601920
235601920
235601920
235601920
235601920
235601920
235601920
235601920
235601920
235601920
235601920
235601920
235601920
235601920
235601920
235601920
235601920
235601920
235601920
235601920
235601920
235601920
235601920
235601920
235601920
235601920
235601920
235601920
235601920
235601920
235601920
235601920
235601920
235601920
235601920
235601920
235601920
235601920
235601920
235601920
235601920
235601920
235601920
235601920
235601920
235601920
235601920
235601920
235601920
235601920
235601920
235601920
235601920
235601920
235601920
235601920
235601920
235601920
235601920
235601920
235601920
235601920
235601920
235601920
235601920
235601920
235601920
235601920
235601920
235601920
235601920
235601920
235601920
235601920
235601920
235601920
235601920
235601920
235601920
235601920
235601920
235601920
235601920
235601920
235601920
235601920
235601920
235601920
235601920
235601920
235601920
235601920
235601920
235601920
235601920
235601920
235601920
235601920
235601920
235601920
235601920
235601920
235601920
235601920
235601920
235601920
235601920
235601920
235601920
235601920
235601920
235601920
235601920
235601920
235601920
235601920
235601920
235601920
235601920
235601920
235601920
235601920
235601920
235601920
235601920
235601920
235601920
235601920
235601920
235601920
235601920
235601920
235601920
235601920
235601920
235601920
235601920
235601920
235601920
235601920
235601920
235601920
235601920
235601920
235601920
235601920
235601920
235601920
235601920
235601920
235601920
235601920
235601920
235601920
235601920
235601920
235601920
235601920
235601920
235601920
235601920
235601920
235601920
235601920
235601920
235601920
235601920
235601920
235601920
235601920
235601920
235601920
235601920
235601920
235601920
235601920
235601920
235601920
235601920
235601920
235601920
235601920
235601920
235601920
235601920
235601920
235601920
235601920
235601920
235601920
235601920
235601920
235601920
235601920
235601920
235601920
235601920
235601920
235601920
235601920
235601920
235601920
235601920
235601920
235601920
235601920
235601920
235601920
235601920
235601920
235601920
235601920
235601920
235601920
235601920
235601920
235601920
235601920
235601920
235601920
235601920
235601920
235601920
235601920
235601920
235601920
235601920
235601920
235601920
235601920
235601920
235601920
235601920
235601920
235601920
235601920
235601920
235601920
235601920
235601920
235601920
235601920
235601920
235601920
235601920
235601920
235601920
235601920
235601920
235601920
235601920
235601920
268173312
