20.022485558
3.350975336
3.333839159
1.142390872
1.141414677
1.128016588
1.118046317
.592303350
.591452540
.584315435
.587960202
.588166285
.594368417
.585470742
.614921142
.447745513
.449379680
.451927752
.454984885
.451383376
.457746357
.455394016
.450379176
.457554236
.448362903
.451505874
.450875337
.453634156
.448590138
.454015539
.447199386
.425700911
.428256531
.424147186
.425861849
.429745155
.425885979
.422167942
.432812568
.422456153
.423606351
.436926858
.420673945
.423837928
.440498929
.424041347
.419329300
.420237777
.430952083
.424096828
.437334210
.426297513
.428168688
.427902687
.423281075
.422186266
.428895711
.424373085
.422135067
.426711738
.422663454
.422865980
.430481417
.421717415
.420591201
.422487151
.418265076
.419491777
.423119501
.420730842
.419805516
.425978253
.419303091
.422996137
.422732088
.418526714
.429890179
.430813354
.419355361
.429207625
.427421894
.411776463
.425068277
.425068095
.426524899
.424917958
.420809552
.423690919
.411935241
.415639824
.417025186
.416790286
.425976088
.425750755
.414144594
.422240827
.417371427
.421955723
.423734675
.416108758
.423056344
.418336407
.416728235
.424721610
.421723830
.418868513
.415446659
.422332841
.415185604
.418734413
.420874653
.422585697
.418589613
.423222457
.421156554
.422740687
.422007554
.415562598
.415691690
.425691115
.418849217
.412446263
.419186703
.420906682
.414341004
.426829043
.417906827
.426008733
.433901527
.421312254
.432112132
.432523883
.424988437
.424759983
.429560689
.423292146
.422680838
.431541978
.424606995
.430529953
.432909783
.425801781
.424570309
.430005688
.430197469
.427933686
.432188550
.428162388
.428638525
.431108857
.427984058
.427599129
.429627638
.425406380
.424850135
.431431207
.427692407
.426771687
.425914685
.420397564
.426894174
.430748771
.424571138
.424599400
.430112316
.420976607
.419334064
.429753441
.429009383
.424170415
.448400216
.670589138
.476360197
.432532116
.432166199
.429869924
.429901100
.438940765
.442783142
.442474904
.805649370
.583691894
.453477928
.436400836
.452242294
.430623093
.440794403
.438012790
.439074673
.437512562
.433653057
.440043352
.437398380
.429864792
.433810958
.425485258
.423272274
.426040189
.419042099
.424909600
.426766674
.428329143
.423863796
.427032491
.424102293
.425323401
.434834577
.429972348
.428088578
.439256997
.425527893
.428797921
.430296386
.426788185
.490684736
.427905891
.427201685
.427935410
.427106825
.421591762
.424691952
.432156485
.425311183
.426802043
.427055322
.431335166
.425366765
.433710628
.427174289
.435945815
.429894785
.443869045
.424629581
.428902149
.430144887
.427628269
.431373685
.424980778
.427232033
.431277523
.427967585
.432765893
.429602663
.436565425
.425283190
.430096043
.428175189
.423667737
.435417480
.425352673
.433072653
.445134823
.424664791
.425472257
.432869734
.465248365
.464424144
.465382257
.461172928
.461979682
.460284880
.464209043
.461095725
.462065541
.458546750
.462985277
.464245827
.463708947
.459474359
.470000844
.459948550
.460197832
.465962530
.465831804
.463457349
.480216820
.458975604
.461592184
.466954646
.462388537
.463664227
.463409620
.464496337
.463928958
.468416762
.465085732
.461787420
.467683319
.461644565
.463911479
.464295979
.463006448
.462050168
.473163436
.462062518
.465567503
.479510045
.468623869
.464040560
.461283170
.458008072
.457371705
.458970150
.456589319
.459590778
.475827353
.462365207
.460692259
.466110672
.463796831
.463154078
.470121038
.464645351
.460665742
.467186152
.467177174
.473348992
.458351592
.455197848
.462179354
.456407675
.456856133
.457271946
.475633932
.462640567
.459179278
.467361488
.469215354
.463574895
.464428704
.465385892
.472976412
.464137616
.462901044
.460717932
.482215094
.474611559
.462972052
.469679235
.465632447
.464713743
.484292314
.551108481
.465336697
.461911369
.458921387
.465628808
.460030549
.458597578
.455290347
.456976720
.454597469
.466548277
.462522111
.460692889
.468104137
.461977874
.461004256
.462375460
.460052140
.459130563
.463112349
.463443898
.462965993
.462807346
.461343631
.459493670
.464146743
.461460315
.458998080
.461655496
.455397554
.461150229
.461781274
.459549338
.455970230
.464663238
.457014777
.463135012
.466179353
.472676049
.460086156
.463265509
.461926025
.461061570
.468674398
.458015299
.464606221
.466275624
.465125577
.461884380
.468548509
.461505437
.465133879
.465593915
.467129779
.461381786
.462706423
.463978793
.460143420
.469095726
.458799126
.467208300
.465780969
.459487622
.460274195
.471293002
.462199125
.455664961
.456643119
.462693053
.470777652
.465093130
.469710372
.455709368
.459325088
.456090044
.456449764
.462636160
.466224253
.459383366
.466266365
.463030782
.460577940
.459378105
.455897262
.453174834
.462761325
.465325665
.459585426
.465592950
.456278398
.458514501
.474248980
.463820820
.460146205
.468860212
.463300324
.465127446
.470427572
.467436178
.458303443
.461308616
.464499993
.474441918
.468101444
.460515434
.467272364
.463614920
.463297054
.459046459
.470836853
.457353747
.462331021
.461740828
.455381430
.462436109
.456020796
.458724138
.457438483
.465844685
.460005704
.460978649
.466239192
.462156736
.461654318
.462589043
.453017952
.458108993
.462131631
.462530713
.457849801
.464028421
.460218609
.461032148
.465952219
.459858711
.459764721
.466088462
.460887625
.461244567
.466435744
.459777686
.466329838
.458381100
.459068184
.459773522
.462600910
.466778514
.452349804
.467055137
.459704959
.459411853
.463744093
.461905100
.460663219
.463845823
.457491058
.460476696
.459605852
.456995082
.455110706
.455472146
.449443300
.460723837
.467883289
.459731076
.456419880
.471694542
.469155912
.460520659
.514759777
