.475772319
.145038591
.148106022
.051001161
.051641400
.056101985
.053304892
.026594129
.034132660
.029222801
.032906614
.024114980
.031081656
.029789746
.030785917
.025057963
.021873326
.024073168
.035935417
.032531969
.031350209
.024262187
.023855307
.022235947
.023703415
.029528517
.025012373
.023942980
.027509021
.025662304
.027939703
.022804774
.024856012
.023769172
.020340055
.020566564
.026906183
.025908503
.024758408
.019852446
.020853164
.022963305
.023852356
.021360897
.020951212
.027855274
.020703507
.020960212
.024088921
.024754940
.021284806
.020572495
.026450547
.033081074
.026497043
.025544938
.020455969
.021366883
.020438220
.025407283
.028035318
.024069300
.023840546
.027284206
.019945699
.019170835
.022596649
.023656751
.017891047
.021579465
.025134295
.025162286
.023955635
.021042242
.022739092
.019919337
.024864591
.023785448
.022761637
.019517119
.026296272
.030964120
.020821499
.020608701
.026152428
.022160898
.022683577
.023990873
.026560765
.023868729
.022238587
.022610190
.022401357
.023786015
.021498593
.025595931
.023758141
.026491082
.020036575
.021614538
